     0/199    0.791G    0.1097    0.1218   0.01435    0.2459        43       640    0.1286    0.6862    0.2116   0.03981   0.09343    0.1271  0.003718
     1/199    0.791G   0.08959    0.1312  0.002986    0.2238        16       640     0.169    0.9211    0.5037    0.1103   0.07965    0.1267   0.00139
     2/199    0.791G   0.08434    0.1312  0.002408    0.2179        58       640     0.169    0.9211    0.5037    0.1103   0.07965    0.1264   0.00139
     3/199    0.791G     0.197    0.1127  0.003406    0.3131        51       640         0         0 0.0003398 7.035e-05    0.1988    0.0231  0.003776
     4/199    0.791G    0.1827   0.05132  0.003177    0.2372        67       640   0.06492   0.02511  0.003495 0.0005239    0.1845   0.03764  0.001749
     5/199    0.791G     0.167   0.05018  0.001543    0.2187       105       640  0.002984  0.006907   0.01111  0.001863    0.1758   0.04143 0.0008415
     6/199    0.791G    0.1666   0.05157 0.0008167    0.2189        60       640    0.2056    0.7346    0.1896   0.03446    0.1695   0.05333 0.0004274
     7/199    0.791G    0.1689   0.04953 0.0005213    0.2189       106       640         0         0   0.05251  0.006972     0.178    0.0418 0.0002504
     8/199    0.791G    0.1706   0.04232 0.0003774    0.2133        44       640    0.1971    0.1761   0.05963   0.01089    0.1777   0.02973 0.0001596
     9/199    0.791G    0.1695   0.03777 0.0002498    0.2075        46       640    0.3708    0.2299    0.1862   0.03451    0.1768   0.02973 0.0001105
    10/199    0.791G     0.168   0.04011 0.0002034    0.2083       102       640    0.2257    0.3389    0.2479   0.04787    0.1724   0.04416 8.347e-05
    11/199    0.791G    0.1652   0.04779 0.0001881    0.2132        55       640    0.2963       0.7    0.5533    0.1301    0.1707   0.04394 6.929e-05
    12/199    0.791G    0.1612   0.04773 0.0001565    0.2091        23       640    0.2731     0.628    0.4741    0.1284    0.1701   0.04405 6.254e-05
    13/199    0.791G    0.1633   0.04769 0.0001326    0.2111        28       640     0.299    0.7662    0.6322    0.1595    0.1697   0.04305 5.896e-05
    14/199    0.791G    0.1645   0.04679 0.0002502    0.2116       103       640    0.3435    0.7662    0.6487    0.1839    0.1695   0.04348 5.727e-05
    15/199    0.791G     0.164   0.04484 0.0001542     0.209        59       640    0.3463    0.7464    0.5938    0.1384    0.1694   0.04096 5.258e-05
    16/199    0.791G    0.1623   0.04449 0.0001075    0.2069        31       640    0.3473    0.8022    0.6226    0.1455    0.1694   0.03888 5.458e-05
    17/199    0.791G    0.1609   0.04513 0.0001101    0.2062        68       640    0.4121    0.8421    0.7188    0.1851    0.1696   0.04031 5.776e-05
    18/199    0.791G    0.1633    0.0442 0.0001262    0.2077        33       640    0.3528    0.8959    0.7112    0.2093    0.1686   0.03905 5.336e-05
    19/199    0.791G    0.1616   0.04562  0.000122    0.2074        54       640    0.3897    0.8609    0.6939    0.1988    0.1687   0.03937 5.279e-05
    20/199    0.791G     0.161   0.04506  0.000132    0.2061        28       640    0.3696    0.8668    0.6387    0.1575    0.1688   0.03945 5.048e-05
    21/199    0.791G    0.1604   0.04474 0.0001517    0.2053        68       640    0.4348    0.8821     0.741    0.2531    0.1676   0.04009 5.261e-05
    22/199    0.791G    0.1597   0.04701 0.0001287    0.2068        34       640    0.5092     0.889    0.7733    0.1893    0.1686   0.04005 4.784e-05
    23/199    0.791G    0.1616   0.04722 0.0001401     0.209        46       640     0.429    0.7977    0.6486    0.2235    0.1673   0.04524 5.713e-05
    24/199    0.791G    0.1594   0.04508 0.0001252    0.2046        94       640    0.5685    0.9517    0.8774    0.3773     0.166   0.04365 5.342e-05
    25/199    0.791G    0.1614    0.0471 0.0001067    0.2086        28       640    0.5207     0.852    0.7101    0.1567    0.1688    0.0403  5.29e-05
    26/199    0.791G    0.1576   0.04808 0.0001071    0.2058        41       640    0.5189    0.9334    0.8469    0.3521    0.1658   0.04328 6.055e-05
    27/199    0.791G    0.1588   0.04728 0.0001457    0.2063       126       640    0.5596    0.8273     0.683    0.1517    0.1682   0.04097 5.383e-05
    28/199    0.791G    0.1572   0.04865 0.0001443     0.206       119       640    0.5971    0.9576    0.8984    0.3118    0.1665   0.04149 5.926e-05
    29/199    0.791G    0.1591   0.04686 0.0001549    0.2061        27       640    0.5947    0.9423    0.8917    0.2945    0.1664   0.04211 6.188e-05
    30/199    0.791G    0.1588   0.04869 0.0001197    0.2076        37       640    0.4841    0.9388    0.8211    0.2404    0.1665   0.04406 7.514e-05
    31/199    0.791G    0.1577   0.04994 0.0001742    0.2078        22       640    0.6128    0.9512    0.8806    0.2863    0.1654   0.04466 6.917e-05
    32/199    0.791G    0.1578   0.05034 0.0001316    0.2083        89       640    0.4509    0.8722    0.7319    0.1724    0.1677   0.04288 7.379e-05
    33/199    0.791G    0.1561   0.05196 0.0001562    0.2082        39       640    0.3248    0.9763    0.9117    0.3881    0.1634   0.04738  7.91e-05
    34/199    0.791G    0.1584   0.05058  0.000175    0.2091        85       640    0.4956    0.9743     0.906    0.3893    0.1639   0.04803 8.754e-05
    35/199    0.791G    0.1557   0.05137 0.0001475    0.2073        20       640    0.5574    0.9679     0.907    0.4302    0.1631   0.04671  0.000107
    36/199    0.791G    0.1567   0.05206  0.000154    0.2089       101       640    0.3534    0.9699    0.8873    0.3894    0.1613   0.05075 0.0001189
    37/199    0.791G     0.154   0.05184 0.0002043    0.2061       122       640    0.1736    0.7972    0.6446    0.2353    0.1657   0.06218  0.000132
    38/199    0.791G    0.1491   0.05199 0.0003129    0.2014       108       640    0.3905    0.9635    0.8826    0.3221    0.1425   0.05555  0.000478
    39/199    0.791G    0.1351    0.0596 0.0005848    0.1952        23       640    0.5087    0.9665    0.8885    0.3812    0.1355   0.06193 0.0004477
    40/199    0.791G    0.1243   0.06344 0.0004953    0.1883        27       640    0.3458    0.9719    0.9105    0.4282    0.1241   0.06357 0.0003065
    41/199    0.791G    0.1205   0.06843 0.0004598    0.1894        61       640     0.263    0.7716    0.4564   0.09923    0.1262   0.06741  0.000237
    42/199    0.791G    0.1225   0.06378 0.0004897    0.1867        55       640    0.3682    0.9699    0.8778    0.4289     0.122   0.06913 0.0002321
    43/199    0.791G    0.1332   0.06489  0.000303    0.1983        25       640    0.3859     0.963    0.8964    0.4181    0.1222   0.06885  0.000216
    44/199    0.791G    0.1199   0.06412 0.0003337    0.1844       120       640    0.3953     0.888    0.6937    0.1664    0.1251   0.05853 0.0002627
    45/199    0.791G      0.12   0.06243 0.0003705    0.1828        50       640    0.3201    0.9319    0.8334    0.3292    0.1215   0.06124 0.0002062
    46/199    0.791G      0.12   0.06064 0.0003242    0.1809        27       640    0.4401    0.5866    0.3357   0.06939    0.1291   0.05353 0.0001803
    47/199    0.791G    0.1199   0.05548 0.0003107    0.1757       111       640    0.5913    0.9778    0.9297    0.4798    0.1244   0.05209 0.0001565
    48/199    0.791G    0.1191   0.05442 0.0002755    0.1738       115       640    0.2652    0.8495    0.6979    0.3107    0.1286   0.06481 0.0001279
    49/199    0.791G     0.121   0.05535 0.0002466    0.1766        38       640    0.3175     0.892    0.7275    0.3622    0.1272   0.06116 0.0001379
    50/199    0.791G    0.1201   0.05652 0.0002381    0.1769        36       640    0.5663    0.9714     0.924    0.5093    0.1234     0.055 0.0001898
    51/199    0.791G    0.1187   0.05808 0.0003624    0.1771        43       640    0.6202    0.9674     0.917      0.47    0.1266   0.05625 0.0001707
    52/199    0.791G     0.118   0.05707 0.0003133    0.1754        75       640    0.7335    0.9798    0.9565    0.4474    0.1236   0.05642 0.0001691
    53/199    0.791G    0.1185   0.06035 0.0005884    0.1794        49       640    0.5788    0.9773    0.9399    0.4415    0.1225     0.064 0.0001775
    54/199    0.791G    0.1168   0.06362 0.0002529    0.1807       129       640    0.6566    0.9714    0.9393    0.4033    0.1218   0.06439  0.000184
    55/199    0.791G    0.1134   0.07242 0.0002486    0.1861        59       640    0.5367    0.9615    0.9229      0.52    0.1129   0.08509 0.0001947
    56/199    0.791G    0.1162   0.06651 0.0002703     0.183        17       640    0.6958    0.9694    0.9507     0.524    0.1206   0.06667 0.0001927
    57/199    0.791G    0.1172   0.06486  0.000327    0.1824       104       640    0.6426     0.966    0.9376     0.388    0.1217   0.06566 0.0001845
    58/199    0.791G    0.1148   0.06824 0.0002932    0.1833        81       640    0.6142    0.9566     0.927    0.5482    0.1174   0.07703 0.0001819
    59/199    0.791G    0.1164   0.07459 0.0002884    0.1913        32       640    0.6275    0.9586    0.9387     0.538    0.1202   0.07273 0.0002011
    60/199    0.791G    0.1138   0.07269 0.0003462    0.1869       116       640    0.4584    0.9625    0.9016    0.5202    0.1097   0.09454 0.0002968
    61/199    0.791G    0.1113   0.08195 0.0003379    0.1936        26       640    0.4768    0.9655    0.9305    0.5206    0.1115   0.08962 0.0003033
    62/199    0.791G    0.1077   0.08272 0.0003659    0.1908       103       640    0.4316    0.9605    0.8891    0.4736    0.1089   0.09264 0.0002895
    63/199    0.791G    0.1082   0.08304 0.0003376    0.1915        16       640    0.5118    0.9625    0.8818    0.4813    0.1103   0.09505 0.0002737
    64/199    0.791G    0.1047   0.08735 0.0003501    0.1924        25       640    0.4739    0.9694    0.9007    0.3612    0.1128   0.09105 0.0002262
    65/199    0.791G    0.1073   0.08637 0.0003379     0.194        44       640    0.5944    0.9714    0.9481    0.4942     0.103    0.1017 0.0002306
    66/199    0.791G     0.106   0.08628 0.0003481    0.1926        27       640    0.5205    0.9719      0.94    0.4652    0.1068   0.09429 0.0002342
    67/199    0.791G    0.1014   0.08602 0.0003161    0.1878        33       640    0.4922    0.9704    0.9296    0.5135    0.1054   0.09556 0.0002418
    68/199    0.791G    0.1027   0.08748 0.0002958    0.1905        74       640    0.5068    0.9743    0.9418    0.5282    0.1025   0.09825 0.0002319
    69/199    0.791G    0.1022   0.08676 0.0002715    0.1892        60       640    0.5682    0.9714    0.9555    0.4786    0.1012   0.09953 0.0002381
    70/199    0.791G    0.1006   0.08595 0.0003033    0.1869        36       640    0.5723    0.9743    0.9574    0.5225   0.09987    0.0987 0.0002408
    71/199    0.791G    0.1021   0.08775 0.0002953    0.1902        93       640    0.4708    0.9842    0.9545     0.548    0.1011   0.09766 0.0002393
    72/199    0.791G    0.1002   0.08842 0.0002928    0.1889        40       640    0.5073    0.9808    0.9608    0.5668    0.1013   0.09533 0.0002269
    73/199    0.791G   0.09983   0.08735 0.0003264    0.1875        30       640    0.5964    0.9739    0.9572    0.5705    0.1003   0.09848 0.0002301
    74/199    0.791G   0.09845   0.08667 0.0003223    0.1854       150       640    0.4947    0.9719     0.949    0.5741       0.1   0.09846 0.0002132
    75/199    0.791G   0.09883   0.08647 0.0003244    0.1856        57       640     0.559    0.9793     0.966    0.4565   0.09919    0.1005 0.0002132
    76/199    0.791G    0.0975   0.08902 0.0003638    0.1869        31       640    0.5359    0.9758    0.9576    0.5314   0.09863   0.09963 0.0002059
    77/199    0.791G   0.09828   0.08794 0.0002695    0.1865        84       640     0.543    0.9798    0.9563    0.5872   0.09853   0.09873 0.0002014
    78/199    0.791G   0.09682   0.08659  0.000274    0.1837       110       640      0.56    0.9748    0.9499    0.5579   0.09851    0.0991 0.0002025
    79/199    0.791G   0.09757   0.08697 0.0002565    0.1848        64       640    0.5394    0.9694    0.9554     0.585   0.09873   0.09997 0.0002013
    80/199    0.791G   0.09588   0.09047 0.0002993    0.1867        24       640    0.4361    0.9699    0.9551    0.5904   0.09785   0.09888 0.0002012
    81/199    0.791G   0.09821   0.09584 0.0003939    0.1944        27       640    0.3743    0.9689    0.9183    0.5704   0.09774    0.1102 0.0002094
    82/199    0.791G   0.09552    0.1024 0.0002705    0.1982        28       640    0.3505     0.966    0.9175    0.5325   0.09457    0.1125 0.0001963
    83/199    0.791G   0.09348   0.09748 0.0003613    0.1913        45       640    0.3529    0.9714    0.9142    0.4458   0.09438    0.1136  0.000193
    84/199    0.791G   0.09316   0.09988 0.0003074    0.1933        24       640     0.365    0.9748    0.9168    0.3476   0.09752    0.1097 0.0001876
    85/199    0.791G   0.09383    0.1017 0.0002556    0.1958        50       640     0.366    0.9788    0.9292    0.5324   0.09199    0.1145 0.0001986
    86/199    0.791G   0.09811   0.09305 0.0002546    0.1914       121       640    0.5256    0.9813    0.9509    0.4329   0.09907    0.1046 0.0001757
    87/199    0.791G   0.09594   0.09146 0.0002331    0.1876        18       640    0.4204    0.9827    0.9443    0.5659   0.09704    0.1059 0.0001779
    88/199    0.791G   0.09476   0.09344 0.0002477    0.1884       105       640    0.3525    0.9862    0.9476    0.5578    0.0934    0.1103  0.000191
    89/199    0.791G   0.09214    0.1014 0.0002721    0.1938       141       640    0.3552    0.9837    0.9522    0.5188   0.09144    0.1116 0.0001962
    90/199    0.791G   0.09233   0.09758  0.000323    0.1902        78       640    0.3802    0.9837    0.9532    0.5595   0.09119    0.1096 0.0001838
    91/199    0.791G   0.09477   0.09933 0.0002912    0.1944        84       640    0.3755    0.9867    0.9522    0.5808   0.09389    0.1079 0.0001965
    92/199    0.791G   0.09144    0.1009 0.0002269    0.1926        33       640    0.3838    0.9743    0.9368    0.5038   0.09113    0.1118 0.0001906
    93/199    0.791G   0.09045   0.09834 0.0002719    0.1891        55       640    0.3915    0.9872     0.951     0.472   0.09166    0.1105 0.0001831
    94/199    0.791G   0.08966   0.09862 0.0002813    0.1886        83       640    0.3976    0.9837    0.9513    0.4694   0.09158    0.1126 0.0001849
    95/199    0.791G   0.08895    0.1001 0.0002829    0.1893       128       640    0.3828    0.9896     0.945    0.4088   0.09315    0.1096 0.0001858
    96/199    0.791G   0.09023   0.09764 0.0002312    0.1881        71       640    0.3888    0.9694    0.9331    0.4549   0.09318    0.1113 0.0001882
    97/199    0.791G   0.09151    0.1006 0.0002361    0.1924         9       640    0.3865    0.9827    0.9466    0.3757   0.09478    0.1106  0.000187
    98/199    0.791G   0.09031   0.09782 0.0002508    0.1884        34       640    0.3946    0.9901    0.9553    0.5968   0.08747    0.1114 0.0001868
    99/199    0.791G    0.0897   0.09778 0.0002461    0.1877        69       640    0.3819    0.9857     0.944    0.5686   0.08723    0.1154 0.0001897
   100/199    0.791G   0.08937    0.1005 0.0003008    0.1902        34       640    0.3986    0.9877    0.9644    0.4778   0.08993    0.1115 0.0001805
   101/199    0.791G   0.08814   0.09796 0.0002202    0.1863        54       640     0.403    0.9887    0.9632    0.5197   0.08799    0.1126 0.0001801
   102/199    0.791G   0.08889   0.09967 0.0002839    0.1888        19       640    0.3881    0.9877    0.9383     0.535   0.08706    0.1148 0.0001757
   103/199    0.791G   0.08738    0.1009 0.0003818    0.1886       105       640    0.3962    0.9882    0.9545    0.4579   0.08633    0.1137 0.0001724
   104/199    0.791G   0.08583    0.1027 0.0002213    0.1887        30       640    0.4154    0.9844    0.9434    0.4107    0.0856    0.1157 0.0001731
   105/199    0.791G    0.0859    0.1071 0.0003403    0.1933        56       640    0.4328    0.9798    0.9436     0.533   0.08267    0.1186 0.0001501
   106/199    0.791G   0.08459    0.1035 0.0003108    0.1884       107       640    0.5468    0.9576    0.9397    0.4375   0.08474    0.1207 0.0001554
   107/199    0.791G   0.08463    0.1079  0.000359    0.1929        59       640     0.493    0.9857    0.9565      0.57   0.08092    0.1175 0.0001533
   108/199    0.791G   0.08379    0.1047 0.0003151    0.1888       127       640    0.5874    0.9743    0.9627     0.496   0.08147     0.119 0.0001641
   109/199    0.791G   0.08353    0.1053 0.0002201    0.1891        54       640    0.5379    0.9704    0.9465    0.4599   0.08341    0.1157 0.0001713
   110/199    0.791G   0.08125    0.1061 0.0002093    0.1875        90       640    0.6324    0.9753    0.9634    0.5912   0.07848    0.1164 0.0001661
   111/199    0.791G    0.0821     0.107 0.0002224    0.1893        32       640    0.6051    0.9748    0.9658    0.4679   0.08195    0.1173 0.0001536
   112/199    0.791G   0.08233    0.1096 0.0002215    0.1921        82       640    0.6602    0.9852    0.9729    0.5921     0.078    0.1167 0.0001609
   113/199    0.791G    0.0787     0.108 0.0002698     0.187        50       640    0.6365    0.9793    0.9733    0.5977   0.07752    0.1158 0.0001608
   114/199    0.791G   0.08125    0.1065 0.0002274     0.188       107       640    0.6352    0.9877    0.9717    0.6176   0.07727    0.1154 0.0001542
   115/199    0.791G   0.08096    0.1094  0.000259    0.1906        26       640      0.64    0.9862    0.9726    0.6166   0.07776    0.1138 0.0001521
   116/199    0.791G     0.082    0.1056 0.0002107    0.1879        25       640    0.6722    0.9743    0.9711    0.6193   0.07758    0.1155 0.0001498
   117/199    0.791G   0.07863    0.1055 0.0002307    0.1844        65       640     0.657    0.9788    0.9732    0.6199   0.07664    0.1136 0.0001452
   118/199    0.791G   0.07835    0.1061 0.0001903    0.1846        69       640    0.6868    0.9817     0.974    0.5176   0.07896    0.1148 0.0001447
   119/199    0.791G   0.07786    0.1052 0.0001887    0.1832        67       640    0.6632    0.9827    0.9774    0.5275   0.07878    0.1157 0.0001442
   120/199    0.791G   0.07938    0.1062 0.0002006    0.1857       103       640    0.6802    0.9837    0.9772    0.5175   0.07941    0.1146 0.0001398
   121/199    0.791G   0.07754    0.1043 0.0002414    0.1821        23       640    0.6729    0.9778    0.9685    0.5168   0.07961    0.1156 0.0001384
   122/199    0.791G   0.07831    0.1036 0.0002091    0.1821        38       640     0.703    0.9803    0.9754    0.6338   0.07629    0.1136 0.0001396
   123/199    0.791G   0.07708    0.1039 0.0002239    0.1812        48       640    0.6814    0.9808      0.98    0.6301   0.07597    0.1125 0.0001398
   124/199    0.791G   0.07871     0.106 0.0003846    0.1851       128       640    0.6753    0.9773    0.9799    0.6093   0.07679    0.1139 0.0001388
   125/199    0.791G   0.07716    0.1028 0.0001712    0.1802        27       640    0.7129    0.9778    0.9784    0.6213   0.07622    0.1141 0.0001359
   126/199    0.791G   0.07804    0.1069 0.0002751    0.1852        35       640     0.703    0.9783    0.9783    0.6043   0.07635    0.1132  0.000134
   127/199    0.791G   0.07637    0.1046 0.0001849    0.1812        51       640    0.7114    0.9788     0.975    0.5432   0.07758     0.114 0.0001381
   128/199    0.791G   0.07596    0.1052 0.0001909    0.1813        81       640    0.7085    0.9759    0.9797    0.6229   0.07612    0.1133 0.0001311
   129/199    0.791G   0.07743    0.1055  0.000254    0.1831        73       640    0.6965    0.9734    0.9761    0.6286   0.07591    0.1126 0.0001315
   130/199    0.791G   0.07687    0.1041 0.0001684    0.1812        21       640    0.6781    0.9867    0.9757    0.6229    0.0759    0.1121 0.0001285
   131/199    0.791G    0.0769     0.106 0.0002523    0.1832        54       640    0.7223    0.9714    0.9794    0.6021   0.07642    0.1135 0.0001245
   132/199    0.791G   0.07649    0.1059 0.0002611    0.1827        38       640    0.7073    0.9758    0.9794    0.5794   0.07701    0.1115 0.0001223
   133/199    0.791G   0.07599    0.1052  0.000187    0.1813        82       640    0.7155    0.9714    0.9769    0.5737   0.07689    0.1133 0.0001235
   134/199    0.791G   0.07563    0.1054 0.0002141    0.1813        51       640     0.713    0.9748     0.979    0.5806   0.07683    0.1134 0.0001222
   135/199    0.791G   0.07566    0.1064 0.0001698    0.1822       147       640    0.7031    0.9743    0.9796    0.6329   0.07559    0.1108 0.0001179
   136/199    0.791G   0.07603    0.1028 0.0001915     0.179        23       640    0.7227    0.9817    0.9822    0.6454   0.07521    0.1106 0.0001184
   137/199    0.791G   0.07596    0.1028 0.0001663    0.1789        68       640    0.7134    0.9857    0.9822     0.638   0.07547    0.1107 0.0001194
   138/199    0.791G   0.07508    0.1032 0.0001673    0.1784       113       640    0.7137    0.9847    0.9838    0.6329   0.07525    0.1103 0.0001172
   139/199    0.791G   0.07599    0.1018 0.0001664     0.178        21       640    0.7307    0.9817    0.9833    0.6237   0.07569    0.1131  0.000114
   140/199    0.791G   0.07618    0.1065 0.0002138    0.1829        28       640     0.736    0.9781    0.9818    0.6209   0.07548    0.1113 0.0001162
   141/199    0.791G   0.07449    0.1043 0.0001427     0.179        72       640    0.7269    0.9714    0.9745    0.6106   0.07582     0.111 0.0001146
   142/199    0.791G   0.07492    0.1039  0.000186     0.179        49       640    0.7377    0.9758    0.9771    0.6236   0.07545    0.1105 0.0001097
   143/199    0.791G   0.07425    0.1025  0.000207     0.177        21       640    0.7238    0.9788    0.9813    0.6392   0.07528    0.1106 0.0001071
   144/199    0.791G   0.07441    0.1028 0.0002105    0.1774        15       640    0.7336    0.9813    0.9829    0.6399   0.07504    0.1112 0.0001063
   145/199    0.791G   0.07417    0.1009 0.0002133    0.1753        92       640    0.7326    0.9822    0.9837    0.6405   0.07496    0.1092 0.0001078
   146/199    0.791G   0.07372    0.1034 0.0002055    0.1773        28       640    0.7343    0.9793    0.9834      0.63   0.07526    0.1099 0.0001052
   147/199    0.791G   0.07395    0.1012 0.0001518    0.1753        90       640    0.7282    0.9763    0.9821    0.6206   0.07546      0.11 0.0001068
   148/199    0.791G   0.07353    0.1007 0.0001568    0.1744        49       640      0.75    0.9798    0.9844    0.6294    0.0751    0.1097 0.0001053
   149/199    0.791G   0.07457    0.1047 0.0002153    0.1795        68       640    0.7398    0.9842     0.986    0.6399   0.07484    0.1092 0.0001028
   150/199    0.791G   0.07376    0.1018  0.000174    0.1757        32       640    0.7487    0.9842    0.9856    0.6513     0.075    0.1095 0.0001025
   151/199    0.791G   0.07351    0.1034 0.0003464    0.1773        31       640    0.7302    0.9827    0.9857     0.655   0.07465     0.108 9.984e-05
   152/199    0.791G   0.07222    0.1005 0.0001452    0.1729        34       640    0.7377    0.9758    0.9802    0.6544    0.0747    0.1095 0.0001014
   153/199    0.791G   0.07183    0.1003 0.0002781    0.1724        47       640    0.7568    0.9734    0.9853    0.6571   0.07485    0.1098 9.913e-05
   154/199    0.791G   0.07122    0.1017 0.0001942    0.1731        45       640    0.7481    0.9814    0.9856    0.6317     0.075    0.1098 9.772e-05
   155/199    0.791G    0.0713   0.09843  0.000143    0.1699        13       640    0.7526    0.9753    0.9849    0.6575   0.07449    0.1094 9.585e-05
   156/199    0.791G   0.07213    0.1009 0.0004368    0.1734        24       640    0.7486    0.9758    0.9856     0.658   0.07449    0.1088 9.328e-05
   157/199    0.791G   0.07168    0.1007 0.0001325    0.1725        42       640    0.7536    0.9817    0.9856    0.6507   0.07464     0.109 9.323e-05
   158/199    0.791G   0.07225     0.101 0.0003274    0.1736       115       640    0.7466    0.9798     0.986    0.6559   0.07469    0.1093 9.419e-05
   159/199    0.791G   0.07251     0.102 0.0001269    0.1746        42       640     0.744    0.9817    0.9857    0.6565    0.0745     0.108 9.145e-05
   160/199    0.791G    0.0712    0.1001 0.0002581    0.1715        30       640    0.7809    0.9808    0.9863    0.6575   0.07466    0.1085 9.097e-05
   161/199    0.791G   0.07192    0.1006 0.0001495    0.1727        61       640    0.7762    0.9808    0.9865    0.6558   0.07482    0.1092 9.149e-05
   162/199    0.791G   0.07206    0.1029 0.0001742    0.1751       117       640    0.7675    0.9778    0.9855    0.6417   0.07492     0.109 9.124e-05
   163/199    0.791G    0.0718   0.09938 0.0001671    0.1713        40       640    0.7649    0.9763    0.9854    0.6568   0.07463    0.1087 8.855e-05
   164/199    0.791G    0.0719    0.1005 0.0001248    0.1725        40       640    0.7672    0.9783    0.9857    0.6655   0.07453    0.1081  8.86e-05
   165/199    0.791G   0.07207    0.1021 0.0002347    0.1744        54       640    0.7682    0.9877    0.9859    0.6519   0.07474    0.1089 8.743e-05
   166/199    0.791G    0.0714    0.1013 0.0002735     0.173        65       640    0.7861    0.9813    0.9861    0.6651   0.07461    0.1097 8.586e-05
   167/199    0.791G   0.07188   0.09983  0.000118    0.1718        66       640    0.7816    0.9808    0.9858    0.6652   0.07435    0.1092 8.623e-05
   168/199    0.791G   0.07126    0.1007 0.0001546    0.1721        44       640    0.7892    0.9773    0.9869    0.6654   0.07441    0.1088 8.697e-05
   169/199    0.791G   0.07155   0.09786 0.0001299    0.1695        45       640    0.7706    0.9847    0.9869    0.6648   0.07435    0.1087   8.5e-05
   170/199    0.791G   0.07163    0.1017  0.000158    0.1735        55       640    0.7861    0.9852    0.9882    0.6597   0.07446    0.1088 8.144e-05
   171/199    0.791G   0.07153   0.09768 0.0001721    0.1694        40       640     0.795    0.9798    0.9879    0.6633   0.07427     0.108 8.368e-05
   172/199    0.791G   0.07165    0.1003 0.0002012    0.1721        54       640    0.7866    0.9847    0.9876    0.6616   0.07444    0.1088 8.519e-05
   173/199    0.791G   0.07153   0.09926  0.000416    0.1712        40       640    0.7784    0.9783    0.9872    0.6615    0.0744    0.1084 8.287e-05
   174/199    0.791G   0.07185    0.1001 0.0001362    0.1721        53       640    0.7649    0.9773    0.9867    0.6609   0.07446    0.1089 8.071e-05
   175/199    0.791G   0.07159   0.09847 0.0001923    0.1702        45       640    0.7822    0.9799    0.9872    0.6674   0.07449    0.1095 8.201e-05
   176/199    0.791G   0.07259    0.1006 0.0001575    0.1733        41       640    0.7872    0.9808    0.9865    0.6622   0.07447    0.1087 7.985e-05
   177/199    0.791G   0.07016   0.09955 0.0001456    0.1699        30       640     0.773    0.9832     0.987    0.6598   0.07439    0.1095 7.863e-05
   178/199    0.791G   0.07196    0.0994 0.0002266    0.1716        52       640    0.7977    0.9827    0.9877    0.6637   0.07435     0.109 7.954e-05
   179/199    0.791G   0.07121    0.1018  0.000184    0.1732        82       640    0.7898    0.9767    0.9802    0.6643   0.07429    0.1093  7.96e-05
   180/199    0.791G   0.07172   0.09889 0.0001829    0.1708        94       640    0.7893    0.9768    0.9821    0.6619   0.07441    0.1088 7.879e-05
   181/199    0.791G   0.07132    0.1007 0.0001766    0.1722       118       640    0.7877    0.9813    0.9873    0.6637   0.07443    0.1094 7.912e-05
   182/199    0.791G   0.07052   0.09783 0.0001233    0.1685        52       640    0.7877    0.9778     0.987    0.6663   0.07424    0.1093 7.855e-05
   183/199    0.791G   0.07025   0.09945 0.0002426    0.1699        31       640    0.7861    0.9773    0.9861    0.6617   0.07428     0.109 7.762e-05
   184/199    0.791G   0.07232    0.1027 0.0001205    0.1751        15       640    0.7788    0.9783    0.9865    0.6583   0.07434    0.1086 7.767e-05
   185/199    0.791G   0.07095    0.1016 0.0001148    0.1726        82       640     0.773    0.9793    0.9865    0.6662    0.0743    0.1089 7.622e-05
   186/199    0.791G   0.07001   0.09789 0.0003284    0.1682        81       640    0.7862    0.9783    0.9867    0.6654   0.07421    0.1089 7.658e-05
   187/199    0.791G   0.07126   0.09906 0.0001133    0.1704        94       640    0.7827    0.9763    0.9862    0.6681   0.07411    0.1088 7.485e-05
   188/199    0.791G   0.07184    0.1007 0.0001137    0.1727        33       640    0.7817    0.9778    0.9865    0.6637   0.07425    0.1084 7.714e-05
   189/199    0.791G   0.07224   0.09818 0.0001606    0.1706        65       640    0.7954    0.9793    0.9871    0.6685   0.07427    0.1084 7.636e-05
   190/199    0.791G   0.07007   0.09905 0.0001713    0.1693        48       640    0.8204    0.9793     0.987    0.6659   0.07442    0.1093 7.675e-05
   191/199    0.791G    0.0716    0.1014  0.000117    0.1731        90       640    0.8029    0.9813    0.9878    0.6694    0.0741    0.1085 7.482e-05
   192/199    0.791G   0.07086   0.09976  0.000112    0.1707        11       640    0.7968    0.9773     0.987    0.6702   0.07415    0.1083 7.424e-05
   193/199    0.791G   0.07016    0.0975 0.0002706    0.1679       107       640    0.8028    0.9788    0.9877    0.6665    0.0743    0.1087  7.35e-05
   194/199    0.791G     0.071   0.09931 0.0001212    0.1704        36       640    0.7952    0.9808    0.9873    0.6675   0.07419    0.1087  7.31e-05
   195/199    0.791G   0.07216   0.09959 0.0001849    0.1719        40       640    0.8018    0.9817     0.988    0.6715   0.07408    0.1082 7.285e-05
   196/199    0.791G    0.0718    0.1001 0.0001156     0.172        37       640    0.8062    0.9798    0.9827    0.6679    0.0742    0.1081 7.273e-05
   197/199    0.791G   0.07158   0.09689  0.000157    0.1686        14       640    0.7965    0.9793    0.9871    0.6669   0.07426    0.1091 7.307e-05
   198/199    0.791G   0.07145    0.1025 0.0001295    0.1741       150       640    0.8049    0.9817    0.9874    0.6728   0.07409    0.1077 7.248e-05
   199/199    0.791G    0.0703   0.09835 0.0001052    0.1688        35       640    0.8082    0.9803    0.9873    0.6625   0.07419    0.1077 7.182e-05
